alpha0 = 0.8540806856186762
alpha1 = 0.9099299882761681
alpha2 = 0.5927242379639491
alpha3 = -0.1583844392205828
beta1 = 0.9498356793945916
beta2 = 0.4346417500906361